<?xml version="1.0"?>
<opencv_storage>
<K1 type_id="opencv-matrix">
  <rows>3</rows>
  <cols>3</cols>
  <dt>d</dt>
  <data>
    2.7817748549107438e+02 0. 1.9636752587082739e+02 0.
    2.7720979006785416e+02 1.4393566009003442e+02 0. 0. 1.</data></K1>
<D1 type_id="opencv-matrix">
  <rows>1</rows>
  <cols>5</cols>
  <dt>d</dt>
  <data>
    -3.9604264468526468e-02 1.8414762181354816e-01
    -1.0509769033249655e-03 -2.5930746823822947e-03
    -1.9397601811804507e-01</data></D1>
<K2 type_id="opencv-matrix">
  <rows>3</rows>
  <cols>3</cols>
  <dt>d</dt>
  <data>
    2.8329557142289798e+02 0. 1.8296235138132096e+02 0.
    2.8206574033717499e+02 1.4646111422796963e+02 0. 0. 1.</data></K2>
<D2 type_id="opencv-matrix">
  <rows>1</rows>
  <cols>5</cols>
  <dt>d</dt>
  <data>
    -6.1642197651078055e-02 3.8331515350435624e-01
    1.0910953974834485e-03 -2.4095037297188170e-03
    -6.3972628879717830e-01</data></D2>
<R type_id="opencv-matrix">
  <rows>3</rows>
  <cols>3</cols>
  <dt>d</dt>
  <data>
    9.9995082137035851e-01 -3.0179737709618505e-03
    9.4470458378889659e-03 3.1492391542710285e-03 9.9989827853335622e-01
    -1.3910962539666758e-02 -9.4041019504573237e-03
    1.3940029424236947e-02 9.9985860922740311e-01</data></R>
<T type_id="opencv-matrix">
  <rows>3</rows>
  <cols>1</cols>
  <dt>d</dt>
  <data>
    -6.2181616438492376e-02 1.1405827439871448e-04
    5.1165705048037214e-03</data></T>
<E type_id="opencv-matrix">
  <rows>3</rows>
  <cols>3</cols>
  <dt>d</dt>
  <data>
    -1.7185919810054910e-05 -5.1144600640465904e-03
    1.8521856823506459e-04 4.5315566184460157e-03 8.5137188721842499e-04
    6.2221161007794484e-02 -3.0987744633304351e-04
    -6.2174947008389478e-02 8.6392862318535892e-04</data></E>
<F type_id="opencv-matrix">
  <rows>3</rows>
  <cols>3</cols>
  <dt>d</dt>
  <data>
    -1.9721690432690324e-07 -5.8895832018471397e-05
    9.1071965786421391e-03 5.2228579302233749e-05 9.8467638043296668e-06
    1.8781659207664184e-01 -8.6207707109261077e-03
    -1.9350008550852474e-01 1.</data></F>
<R1 type_id="opencv-matrix">
  <rows>3</rows>
  <cols>3</cols>
  <dt>d</dt>
  <data>
    9.9734650872249697e-01 -5.9788925938558633e-03
    -7.2554768157559901e-02 5.4785939606665319e-03
    9.9995983979953962e-01 -7.0925169223115024e-03
    7.2594259740424952e-02 6.6761988758770501e-03 9.9733921101163436e-01</data></R1>
<R2 type_id="opencv-matrix">
  <rows>3</rows>
  <cols>3</cols>
  <dt>d</dt>
  <data>
    9.9663007650840651e-01 -1.8280950745763989e-03
    -8.2007003769470704e-02 2.3934686299236408e-03
    9.9997403955787989e-01 6.7964342278371646e-03 8.1992450303459322e-02
    -6.9698119554299507e-03 9.9660857903920363e-01</data></R2>
<P1 type_id="opencv-matrix">
  <rows>3</rows>
  <cols>4</cols>
  <dt>d</dt>
  <data>
    2.2137622042025487e+02 0. 2.1549316692352295e+02 0. 0.
    2.2137622042025487e+02 1.3776458358764648e+02 0. 0. 0. 1. 0.</data></P1>
<P2 type_id="opencv-matrix">
  <rows>3</rows>
  <cols>4</cols>
  <dt>d</dt>
  <data>
    2.2137622042025487e+02 0. 2.1549316692352295e+02
    -1.3812076869084253e+01 0. 2.2137622042025487e+02
    1.3776458358764648e+02 0. 0. 0. 1. 0.</data></P2>
<Q type_id="opencv-matrix">
  <rows>4</rows>
  <cols>4</cols>
  <dt>d</dt>
  <data>
    1. 0. 0. -2.1549316692352295e+02 0. 1. 0. -1.3776458358764648e+02 0.
    0. 0. 2.2137622042025487e+02 0. 0. 1.6027728669521387e+01 0.</data></Q>
</opencv_storage>
