<?xml version="1.0"?>
<opencv_storage>
<K type_id="opencv-matrix">
  <rows>3</rows>
  <cols>3</cols>
  <dt>d</dt>
  <data>
    2.7817748549107438e+02 0. 1.9636752587082739e+02 0.
    2.7720979006785416e+02 1.4393566009003442e+02 0. 0. 1.</data></K>
<D type_id="opencv-matrix">
  <rows>1</rows>
  <cols>5</cols>
  <dt>d</dt>
  <data>
    -3.9604264468526468e-02 1.8414762181354816e-01
    -1.0509769033249655e-03 -2.5930746823822947e-03
    -1.9397601811804507e-01</data></D>
</opencv_storage>
