<?xml version="1.0"?>
<opencv_storage>
<K type_id="opencv-matrix">
  <rows>3</rows>
  <cols>3</cols>
  <dt>d</dt>
  <data>
    2.8329557142289798e+02 0. 1.8296235138132096e+02 0.
    2.8206574033717499e+02 1.4646111422796963e+02 0. 0. 1.</data></K>
<D type_id="opencv-matrix">
  <rows>1</rows>
  <cols>5</cols>
  <dt>d</dt>
  <data>
    -6.1642197651078055e-02 3.8331515350435624e-01
    1.0910953974834485e-03 -2.4095037297188170e-03
    -6.3972628879717830e-01</data></D>
</opencv_storage>
